[gd_scene load_steps=10 format=3 uid="uid://dos0jcx7lyvfx"]

[ext_resource type="Script" uid="uid://cygembubdqm2" path="res://Scripts/cave_walls.gd" id="1_b4has"]
[ext_resource type="PackedScene" uid="uid://b5esi1g36tkfp" path="res://Scenes/wall.tscn" id="3_b4has"]
[ext_resource type="PackedScene" uid="uid://dd76ibmjfyswd" path="res://raw_assets/stalag.blend" id="3_q8usa"]

[sub_resource type="Animation" id="Animation_b4has"]
length = 0.001
tracks/0/type = "value"
tracks/0/imported = false
tracks/0/enabled = true
tracks/0/path = NodePath("Walls:position")
tracks/0/interp = 1
tracks/0/loop_wrap = true
tracks/0/keys = {
"times": PackedFloat32Array(0),
"transitions": PackedFloat32Array(1),
"update": 0,
"values": [Vector3(-14.9598, 8.54758, 0)]
}

[sub_resource type="Animation" id="Animation_pm86g"]
resource_name = "wall1"
length = 2.0
loop_mode = 1
tracks/0/type = "value"
tracks/0/imported = false
tracks/0/enabled = true
tracks/0/path = NodePath("Walls:position")
tracks/0/interp = 1
tracks/0/loop_wrap = true
tracks/0/keys = {
"times": PackedFloat32Array(0, 2),
"transitions": PackedFloat32Array(1, 1),
"update": 0,
"values": [Vector3(-14.9598, 8.54758, 0), Vector3(21.9472, 8.54758, 0)]
}

[sub_resource type="AnimationLibrary" id="AnimationLibrary_q8usa"]
_data = {
&"RESET": SubResource("Animation_b4has"),
&"scroll": SubResource("Animation_pm86g")
}

[sub_resource type="Animation" id="Animation_uom1p"]
length = 0.001
tracks/0/type = "value"
tracks/0/imported = false
tracks/0/enabled = true
tracks/0/path = NodePath("Walls2:position")
tracks/0/interp = 1
tracks/0/loop_wrap = true
tracks/0/keys = {
"times": PackedFloat32Array(0),
"transitions": PackedFloat32Array(1),
"update": 0,
"values": [Vector3(-14.9598, 8.54758, 0)]
}

[sub_resource type="Animation" id="Animation_cfssh"]
resource_name = "wall1"
length = 2.0
loop_mode = 1
tracks/0/type = "value"
tracks/0/imported = false
tracks/0/enabled = true
tracks/0/path = NodePath("Walls2:position")
tracks/0/interp = 1
tracks/0/loop_wrap = true
tracks/0/keys = {
"times": PackedFloat32Array(0, 2),
"transitions": PackedFloat32Array(1, 1),
"update": 0,
"values": [Vector3(21.9472, 8.54758, 0), Vector3(58.8323, 8.54758, 0)]
}

[sub_resource type="AnimationLibrary" id="AnimationLibrary_bmain"]
_data = {
&"RESET": SubResource("Animation_uom1p"),
&"scroll": SubResource("Animation_cfssh")
}

[node name="CaveWalls" type="Node3D"]
script = ExtResource("1_b4has")

[node name="AnimationPlayer" type="AnimationPlayer" parent="."]
libraries = {
&"": SubResource("AnimationLibrary_q8usa")
}

[node name="AnimationPlayer2" type="AnimationPlayer" parent="."]
libraries = {
&"": SubResource("AnimationLibrary_bmain")
}

[node name="Walls" type="Node3D" parent="."]
transform = Transform3D(-1, 0, 0, 0, 1, 0, 0, 0, 1, -14.9598, 8.54758, 0)

[node name="StagSet" type="Node3D" parent="Walls"]
transform = Transform3D(0.707107, -0.707107, 0, 0.707107, 0.707107, 0, 0, 0, 1, 2.61522, 8.54758, 0)

[node name="stalagmite set" type="Node3D" parent="Walls/StagSet"]

[node name="mights" type="Node3D" parent="Walls/StagSet/stalagmite set"]
transform = Transform3D(1, 0, 0, 0, 1, 0, 0, 0, 1, 0, 0, -7.46367)

[node name="stalag" parent="Walls/StagSet/stalagmite set/mights" instance=ExtResource("3_q8usa")]
transform = Transform3D(-0.573576, 0, -0.819152, 0, 1, 0, -0.819152, 0, 0.573576, -6.04646, -1.74552, -1.89688)

[node name="stalag2" parent="Walls/StagSet/stalagmite set/mights" instance=ExtResource("3_q8usa")]
transform = Transform3D(-0.573576, 0, -0.819152, 0, 1, 0, -0.819152, 0, 0.573576, -7.10406, -2.54283, -1.89688)

[node name="stalag6" parent="Walls/StagSet/stalagmite set/mights" instance=ExtResource("3_q8usa")]
transform = Transform3D(-0.573576, 0, -0.819152, 0, 1, 0, -0.819152, 0, 0.573576, -6.20255, -3.05889, -0.877075)

[node name="stalag3" parent="Walls/StagSet/stalagmite set/mights" instance=ExtResource("3_q8usa")]
transform = Transform3D(-0.573576, 0, -0.819152, 0, 1, 0, -0.819152, 0, 0.573576, -2.44591, -4.65369, -1.89688)

[node name="stalag4" parent="Walls/StagSet/stalagmite set/mights" instance=ExtResource("3_q8usa")]
transform = Transform3D(-0.573576, 0, -0.819152, 0, 1, 0, -0.819152, 0, 0.573576, -4.74468, -3.49097, -1.89688)

[node name="stalag5" parent="Walls/StagSet/stalagmite set/mights" instance=ExtResource("3_q8usa")]
transform = Transform3D(-0.573576, 0, -0.819152, 0, 1, 0, -0.819152, 0, 0.573576, -3.42088, -5.97139, -1.89688)

[node name="stalag7" parent="Walls/StagSet/stalagmite set/mights" instance=ExtResource("3_q8usa")]
transform = Transform3D(-0.573576, 0, -0.819152, 0, 1, 0, -0.819152, 0, 0.573576, -4.49232, -4.73891, -0.928864)

[node name="stalag8" parent="Walls/StagSet/stalagmite set/mights" instance=ExtResource("3_q8usa")]
transform = Transform3D(-0.573576, 0, -0.819152, 0, 1, 0, -0.819152, 0, 0.573576, -1.35446, -7.84979, -0.928864)

[node name="tites" type="Node3D" parent="Walls/StagSet/stalagmite set"]
transform = Transform3D(0.99959, -0.0226839, -0.0174525, -0.0226873, -0.999742, -4.65661e-10, -0.017448, 0.000395949, -0.999848, 1.11373, 5.2653, -9.7223)

[node name="stalag" parent="Walls/StagSet/stalagmite set/tites" instance=ExtResource("3_q8usa")]
transform = Transform3D(-0.5, 2.03933e-09, 0.866026, 7.82893e-09, 1, 2.16522e-09, -0.866026, 7.86266e-09, -0.5, -6.08705, -3.92083, -0.546117)

[node name="stalag2" parent="Walls/StagSet/stalagmite set/tites" instance=ExtResource("3_q8usa")]
transform = Transform3D(-0.5, -2.94625e-09, 0.866026, 3.7835e-10, 1, 3.62047e-09, -0.866025, 2.1379e-09, -0.5, -7.14465, -6.12067, -0.546117)

[node name="stalag6" parent="Walls/StagSet/stalagmite set/tites" instance=ExtResource("3_q8usa")]
transform = Transform3D(-0.5, 2.50679e-09, 0.866025, 4.65661e-10, 1, -2.62574e-09, -0.866026, -9.09598e-10, -0.5, -6.24315, -6.63673, 0.473689)

[node name="stalag3" parent="Walls/StagSet/stalagmite set/tites" instance=ExtResource("3_q8usa")]
transform = Transform3D(-0.5, -1.41535e-09, 0.866026, 2.79397e-09, 1, 3.24741e-09, -0.866025, 4.04335e-09, -0.5, -2.44591, -2.76143, -0.546117)

[node name="stalag4" parent="Walls/StagSet/stalagmite set/tites" instance=ExtResource("3_q8usa")]
transform = Transform3D(-0.5, 6.36348e-09, 0.866026, 1.06957e-08, 1, -1.17277e-09, -0.866026, 8.67633e-09, -0.5, -5.32641, -2.19464, -0.544568)

[node name="stalag5" parent="Walls/StagSet/stalagmite set/tites" instance=ExtResource("3_q8usa")]
transform = Transform3D(-0.5, -5.82594e-10, 0.866026, 1.28057e-09, 1, 1.41206e-09, -0.866026, 1.81503e-09, -0.5, -3.37795, -2.18736, -0.546117)

[node name="stalag7" parent="Walls/StagSet/stalagmite set/tites" instance=ExtResource("3_q8usa")]
transform = Transform3D(-0.5, -3.27927e-09, 0.866026, -3.49246e-10, 1, 3.58493e-09, -0.866026, 1.49001e-09, -0.5, -4.44939, -2.84714, 0.421897)

[node name="stalag8" parent="Walls/StagSet/stalagmite set/tites" instance=ExtResource("3_q8usa")]
transform = Transform3D(-0.5, 3.29188e-09, 0.866026, 2.03727e-10, 1, -3.68351e-09, -0.866025, -1.66532e-09, -0.5, -1.2704, -0.291211, 0.438371)

[node name="stalagmite set2" type="Node3D" parent="Walls/StagSet"]
transform = Transform3D(-1, 0, -1.50996e-07, 0, 1, 0, -1.50996e-07, 0, 1, -0.435965, -10.835, -0.0139008)

[node name="mights" type="Node3D" parent="Walls/StagSet/stalagmite set2"]
transform = Transform3D(1, 0, 0, 0, 1, 0, 0, 0, 1, 0, 0, -7.46367)

[node name="stalag" parent="Walls/StagSet/stalagmite set2/mights" instance=ExtResource("3_q8usa")]
transform = Transform3D(-0.818681, 0, 0.574248, 0, 1, 0, 0.574248, 0, 0.818681, -6.04646, -1.74552, -1.89688)

[node name="stalag2" parent="Walls/StagSet/stalagmite set2/mights" instance=ExtResource("3_q8usa")]
transform = Transform3D(-0.205965, 0, 0.978559, 0, 1, 0, 0.978559, 0, 0.205965, -7.10406, -2.54283, -1.89688)

[node name="stalag6" parent="Walls/StagSet/stalagmite set2/mights" instance=ExtResource("3_q8usa")]
transform = Transform3D(0.713361, 0, -0.700797, 0, 1, 0, -0.700797, 0, -0.713361, -6.20255, -3.05889, -0.877075)

[node name="stalag3" parent="Walls/StagSet/stalagmite set2/mights" instance=ExtResource("3_q8usa")]
transform = Transform3D(-0.490006, 0, 0.871719, 0, 1, 0, 0.871719, 0, 0.490006, -2.44591, 0.920263, -1.89688)

[node name="stalag4" parent="Walls/StagSet/stalagmite set2/mights" instance=ExtResource("3_q8usa")]
transform = Transform3D(-0.932179, 0, -0.361999, 0, 1, 0, -0.361999, 0, 0.932179, -4.74468, -1.59568, -1.89688)

[node name="stalag5" parent="Walls/StagSet/stalagmite set2/mights" instance=ExtResource("3_q8usa")]
transform = Transform3D(-0.926758, 0, 0.375658, 0, 1, 0, 0.375658, 0, 0.926758, -3.42088, 1.49786, -1.89688)

[node name="stalag7" parent="Walls/StagSet/stalagmite set2/mights" instance=ExtResource("3_q8usa")]
transform = Transform3D(0.226209, 0, 0.974079, 0, 1, 0, 0.974079, 0, -0.226209, -4.49232, 0.251531, -0.928864)

[node name="stalag8" parent="Walls/StagSet/stalagmite set2/mights" instance=ExtResource("3_q8usa")]
transform = Transform3D(-0.0310619, 0, -0.999517, 0, 1, 0, -0.999517, 0, 0.0310619, -1.35446, 3.06257, -0.928865)

[node name="tites" type="Node3D" parent="Walls/StagSet/stalagmite set2"]
transform = Transform3D(0.99959, -0.0226839, -0.0174525, -0.0226873, -0.999742, -4.65661e-10, -0.017448, 0.000395949, -0.999848, 1.11373, 5.2653, -9.7223)

[node name="stalag" parent="Walls/StagSet/stalagmite set2/tites" instance=ExtResource("3_q8usa")]
transform = Transform3D(-0.818681, -9.34915e-09, 0.574248, -9.64792e-09, 1, 1.22236e-09, 0.574248, 2.73576e-09, 0.818681, -6.13005, -5.81564, -0.546117)

[node name="stalag2" parent="Walls/StagSet/stalagmite set2/tites" instance=ExtResource("3_q8usa")]
transform = Transform3D(-0.205965, -3.62077e-09, 0.97856, -3.7835e-10, 1, 3.62047e-09, 0.978559, -3.75453e-10, 0.205965, -7.14465, -6.12067, -0.546117)

[node name="stalag6" parent="Walls/StagSet/stalagmite set2/tites" instance=ExtResource("3_q8usa")]
transform = Transform3D(0.713361, -3.84534e-09, -0.700797, -1.16415e-10, 1, -1.83354e-09, -0.700797, -2.21189e-09, -0.713361, -6.28615, -8.53153, 0.47369)

[node name="stalag3" parent="Walls/StagSet/stalagmite set2/tites" instance=ExtResource("3_q8usa")]
transform = Transform3D(-0.490007, -5.65569e-09, 0.871719, -3.20142e-09, 1, 5.64614e-09, 0.871719, 8.14907e-10, 0.490007, -2.57237, -8.33395, -0.546117)

[node name="stalag4" parent="Walls/StagSet/stalagmite set2/tites" instance=ExtResource("3_q8usa")]
transform = Transform3D(-0.932179, -1.6897e-08, -0.361999, -1.1205e-08, 1, -3.63798e-09, -0.361999, -2.73576e-09, 0.932179, -5.43963, -7.18379, -0.544565)

[node name="stalag5" parent="Walls/StagSet/stalagmite set2/tites" instance=ExtResource("3_q8usa")]
transform = Transform3D(-0.926758, -3.82124e-09, 0.375658, -2.43017e-09, 1, 2.18279e-09, 0.375658, -8.14907e-10, 0.926758, -3.50441, -7.75987, -0.546117)

[node name="stalag7" parent="Walls/StagSet/stalagmite set2/tites" instance=ExtResource("3_q8usa")]
transform = Transform3D(0.226209, -9.38871e-09, 0.974079, 1.19326e-09, 1, -1.00408e-09, 0.974079, 4.65661e-10, -0.22621, -4.56262, -7.83629, 0.421897)

[node name="stalag8" parent="Walls/StagSet/stalagmite set2/tites" instance=ExtResource("3_q8usa")]
transform = Transform3D(-0.0310619, -7.53471e-09, -0.999518, -1.74623e-10, 1, -6.96127e-09, -0.999517, -8.73115e-11, 0.0310619, -1.51797, -11.2008, 0.438373)

[node name="StagSet2" type="Node3D" parent="Walls"]
transform = Transform3D(0.707107, -0.707107, 0, 0.707107, 0.707107, 0, 0, 0, 1, -14.9598, 8.54758, 0)

[node name="stalagmite set" type="Node3D" parent="Walls/StagSet2"]

[node name="mights" type="Node3D" parent="Walls/StagSet2/stalagmite set"]
transform = Transform3D(1, 0, 0, 0, 1, 0, 0, 0, 1, 0, 0, -7.46367)

[node name="stalag" parent="Walls/StagSet2/stalagmite set/mights" instance=ExtResource("3_q8usa")]
transform = Transform3D(-0.573576, 0, -0.819152, 0, 1, 0, -0.819152, 0, 0.573576, -6.04646, -1.74552, -1.89688)

[node name="stalag2" parent="Walls/StagSet2/stalagmite set/mights" instance=ExtResource("3_q8usa")]
transform = Transform3D(-0.573576, 0, -0.819152, 0, 1, 0, -0.819152, 0, 0.573576, -7.10406, -2.54283, -1.89688)

[node name="stalag6" parent="Walls/StagSet2/stalagmite set/mights" instance=ExtResource("3_q8usa")]
transform = Transform3D(-0.573576, 0, -0.819152, 0, 1, 0, -0.819152, 0, 0.573576, -6.20255, -3.05889, -0.877075)

[node name="stalag3" parent="Walls/StagSet2/stalagmite set/mights" instance=ExtResource("3_q8usa")]
transform = Transform3D(-0.573576, 0, -0.819152, 0, 1, 0, -0.819152, 0, 0.573576, -2.44591, -4.65369, -1.89688)

[node name="stalag4" parent="Walls/StagSet2/stalagmite set/mights" instance=ExtResource("3_q8usa")]
transform = Transform3D(-0.573576, 0, -0.819152, 0, 1, 0, -0.819152, 0, 0.573576, -4.74468, -3.49097, -1.89688)

[node name="stalag5" parent="Walls/StagSet2/stalagmite set/mights" instance=ExtResource("3_q8usa")]
transform = Transform3D(-0.573576, 0, -0.819152, 0, 1, 0, -0.819152, 0, 0.573576, -3.42088, -5.97139, -1.89688)

[node name="stalag7" parent="Walls/StagSet2/stalagmite set/mights" instance=ExtResource("3_q8usa")]
transform = Transform3D(-0.573576, 0, -0.819152, 0, 1, 0, -0.819152, 0, 0.573576, -4.49232, -4.73891, -0.928864)

[node name="stalag8" parent="Walls/StagSet2/stalagmite set/mights" instance=ExtResource("3_q8usa")]
transform = Transform3D(-0.573576, 0, -0.819152, 0, 1, 0, -0.819152, 0, 0.573576, -1.35446, -7.84979, -0.928864)

[node name="tites" type="Node3D" parent="Walls/StagSet2/stalagmite set"]
transform = Transform3D(0.99959, -0.0226839, -0.0174525, -0.0226873, -0.999742, -4.65661e-10, -0.017448, 0.000395949, -0.999848, 1.11373, 5.2653, -9.7223)

[node name="stalag" parent="Walls/StagSet2/stalagmite set/tites" instance=ExtResource("3_q8usa")]
transform = Transform3D(-0.5, 2.03933e-09, 0.866026, 7.82893e-09, 1, 2.16522e-09, -0.866026, 7.86266e-09, -0.5, -6.08705, -3.92083, -0.546117)

[node name="stalag2" parent="Walls/StagSet2/stalagmite set/tites" instance=ExtResource("3_q8usa")]
transform = Transform3D(-0.5, -2.94625e-09, 0.866026, 3.7835e-10, 1, 3.62047e-09, -0.866025, 2.1379e-09, -0.5, -7.14465, -6.12067, -0.546117)

[node name="stalag6" parent="Walls/StagSet2/stalagmite set/tites" instance=ExtResource("3_q8usa")]
transform = Transform3D(-0.5, 2.50679e-09, 0.866025, 4.65661e-10, 1, -2.62574e-09, -0.866026, -9.09598e-10, -0.5, -6.24315, -6.63673, 0.473689)

[node name="stalag3" parent="Walls/StagSet2/stalagmite set/tites" instance=ExtResource("3_q8usa")]
transform = Transform3D(-0.5, -1.41535e-09, 0.866026, 2.79397e-09, 1, 3.24741e-09, -0.866025, 4.04335e-09, -0.5, -2.44591, -2.76143, -0.546117)

[node name="stalag4" parent="Walls/StagSet2/stalagmite set/tites" instance=ExtResource("3_q8usa")]
transform = Transform3D(-0.5, 6.36348e-09, 0.866026, 1.06957e-08, 1, -1.17277e-09, -0.866026, 8.67633e-09, -0.5, -5.32641, -2.19464, -0.544568)

[node name="stalag5" parent="Walls/StagSet2/stalagmite set/tites" instance=ExtResource("3_q8usa")]
transform = Transform3D(-0.5, -5.82594e-10, 0.866026, 1.28057e-09, 1, 1.41206e-09, -0.866026, 1.81503e-09, -0.5, -3.37795, -2.18736, -0.546117)

[node name="stalag7" parent="Walls/StagSet2/stalagmite set/tites" instance=ExtResource("3_q8usa")]
transform = Transform3D(-0.5, -3.27927e-09, 0.866026, -3.49246e-10, 1, 3.58493e-09, -0.866026, 1.49001e-09, -0.5, -4.44939, -2.84714, 0.421897)

[node name="stalag8" parent="Walls/StagSet2/stalagmite set/tites" instance=ExtResource("3_q8usa")]
transform = Transform3D(-0.5, 3.29188e-09, 0.866026, 2.03727e-10, 1, -3.68351e-09, -0.866025, -1.66532e-09, -0.5, -1.2704, -0.291211, 0.438371)

[node name="stalagmite set2" type="Node3D" parent="Walls/StagSet2"]
transform = Transform3D(-1, 0, -1.50996e-07, 0, 1, 0, -1.50996e-07, 0, 1, -0.435965, -10.835, -0.0139008)

[node name="mights" type="Node3D" parent="Walls/StagSet2/stalagmite set2"]
transform = Transform3D(1, 0, 0, 0, 1, 0, 0, 0, 1, 0, 0, -7.46367)

[node name="stalag" parent="Walls/StagSet2/stalagmite set2/mights" instance=ExtResource("3_q8usa")]
transform = Transform3D(-0.818681, 0, 0.574248, 0, 1, 0, 0.574248, 0, 0.818681, -6.04646, -1.74552, -1.89688)

[node name="stalag2" parent="Walls/StagSet2/stalagmite set2/mights" instance=ExtResource("3_q8usa")]
transform = Transform3D(-0.205965, 0, 0.978559, 0, 1, 0, 0.978559, 0, 0.205965, -7.10406, -2.54283, -1.89688)

[node name="stalag6" parent="Walls/StagSet2/stalagmite set2/mights" instance=ExtResource("3_q8usa")]
transform = Transform3D(0.713361, 0, -0.700797, 0, 1, 0, -0.700797, 0, -0.713361, -6.20255, -3.05889, -0.877075)

[node name="stalag3" parent="Walls/StagSet2/stalagmite set2/mights" instance=ExtResource("3_q8usa")]
transform = Transform3D(-0.490006, 0, 0.871719, 0, 1, 0, 0.871719, 0, 0.490006, -2.44591, 0.920263, -1.89688)

[node name="stalag4" parent="Walls/StagSet2/stalagmite set2/mights" instance=ExtResource("3_q8usa")]
transform = Transform3D(-0.932179, 0, -0.361999, 0, 1, 0, -0.361999, 0, 0.932179, -4.74468, -1.59568, -1.89688)

[node name="stalag5" parent="Walls/StagSet2/stalagmite set2/mights" instance=ExtResource("3_q8usa")]
transform = Transform3D(-0.926758, 0, 0.375658, 0, 1, 0, 0.375658, 0, 0.926758, -3.42088, 1.49786, -1.89688)

[node name="stalag7" parent="Walls/StagSet2/stalagmite set2/mights" instance=ExtResource("3_q8usa")]
transform = Transform3D(0.226209, 0, 0.974079, 0, 1, 0, 0.974079, 0, -0.226209, -4.49232, 0.251531, -0.928864)

[node name="stalag8" parent="Walls/StagSet2/stalagmite set2/mights" instance=ExtResource("3_q8usa")]
transform = Transform3D(-0.0310619, 0, -0.999517, 0, 1, 0, -0.999517, 0, 0.0310619, -1.35446, 3.06257, -0.928865)

[node name="tites" type="Node3D" parent="Walls/StagSet2/stalagmite set2"]
transform = Transform3D(0.99959, -0.0226839, -0.0174525, -0.0226873, -0.999742, -4.65661e-10, -0.017448, 0.000395949, -0.999848, 1.11373, 5.2653, -9.7223)

[node name="stalag" parent="Walls/StagSet2/stalagmite set2/tites" instance=ExtResource("3_q8usa")]
transform = Transform3D(-0.818681, -9.34915e-09, 0.574248, -9.64792e-09, 1, 1.22236e-09, 0.574248, 2.73576e-09, 0.818681, -6.13005, -5.81564, -0.546117)

[node name="stalag2" parent="Walls/StagSet2/stalagmite set2/tites" instance=ExtResource("3_q8usa")]
transform = Transform3D(-0.205965, -3.62077e-09, 0.97856, -3.7835e-10, 1, 3.62047e-09, 0.978559, -3.75453e-10, 0.205965, -7.14465, -6.12067, -0.546117)

[node name="stalag6" parent="Walls/StagSet2/stalagmite set2/tites" instance=ExtResource("3_q8usa")]
transform = Transform3D(0.713361, -3.84534e-09, -0.700797, -1.16415e-10, 1, -1.83354e-09, -0.700797, -2.21189e-09, -0.713361, -6.28615, -8.53153, 0.47369)

[node name="stalag3" parent="Walls/StagSet2/stalagmite set2/tites" instance=ExtResource("3_q8usa")]
transform = Transform3D(-0.490007, -5.65569e-09, 0.871719, -3.20142e-09, 1, 5.64614e-09, 0.871719, 8.14907e-10, 0.490007, -2.57237, -8.33395, -0.546117)

[node name="stalag4" parent="Walls/StagSet2/stalagmite set2/tites" instance=ExtResource("3_q8usa")]
transform = Transform3D(-0.932179, -1.6897e-08, -0.361999, -1.1205e-08, 1, -3.63798e-09, -0.361999, -2.73576e-09, 0.932179, -5.43963, -7.18379, -0.544565)

[node name="stalag5" parent="Walls/StagSet2/stalagmite set2/tites" instance=ExtResource("3_q8usa")]
transform = Transform3D(-0.926758, -3.82124e-09, 0.375658, -2.43017e-09, 1, 2.18279e-09, 0.375658, -8.14907e-10, 0.926758, -3.50441, -7.75987, -0.546117)

[node name="stalag7" parent="Walls/StagSet2/stalagmite set2/tites" instance=ExtResource("3_q8usa")]
transform = Transform3D(0.226209, -9.38871e-09, 0.974079, 1.19326e-09, 1, -1.00408e-09, 0.974079, 4.65661e-10, -0.22621, -4.56262, -7.83629, 0.421897)

[node name="stalag8" parent="Walls/StagSet2/stalagmite set2/tites" instance=ExtResource("3_q8usa")]
transform = Transform3D(-0.0310619, -7.53471e-09, -0.999518, -1.74623e-10, 1, -6.96127e-09, -0.999517, -8.73115e-11, 0.0310619, -1.51797, -11.2008, 0.438373)

[node name="StagSet3" type="Node3D" parent="Walls"]
transform = Transform3D(0.707107, -0.707107, 0, 0.707107, 0.707107, 0, 0, 0, 1, 21.8943, 8.54758, 0)

[node name="stalagmite set" type="Node3D" parent="Walls/StagSet3"]

[node name="mights" type="Node3D" parent="Walls/StagSet3/stalagmite set"]
transform = Transform3D(1, 0, 0, 0, 1, 0, 0, 0, 1, 0, 0, -7.46367)

[node name="stalag" parent="Walls/StagSet3/stalagmite set/mights" instance=ExtResource("3_q8usa")]
transform = Transform3D(-0.573576, 0, -0.819152, 0, 1, 0, -0.819152, 0, 0.573576, -6.04646, -1.74552, -1.89688)

[node name="stalag2" parent="Walls/StagSet3/stalagmite set/mights" instance=ExtResource("3_q8usa")]
transform = Transform3D(-0.573576, 0, -0.819152, 0, 1, 0, -0.819152, 0, 0.573576, -7.10406, -2.54283, -1.89688)

[node name="stalag6" parent="Walls/StagSet3/stalagmite set/mights" instance=ExtResource("3_q8usa")]
transform = Transform3D(-0.573576, 0, -0.819152, 0, 1, 0, -0.819152, 0, 0.573576, -6.20255, -3.05889, -0.877075)

[node name="stalag3" parent="Walls/StagSet3/stalagmite set/mights" instance=ExtResource("3_q8usa")]
transform = Transform3D(-0.573576, 0, -0.819152, 0, 1, 0, -0.819152, 0, 0.573576, -2.44591, -4.65369, -1.89688)

[node name="stalag4" parent="Walls/StagSet3/stalagmite set/mights" instance=ExtResource("3_q8usa")]
transform = Transform3D(-0.573576, 0, -0.819152, 0, 1, 0, -0.819152, 0, 0.573576, -4.74468, -3.49097, -1.89688)

[node name="stalag5" parent="Walls/StagSet3/stalagmite set/mights" instance=ExtResource("3_q8usa")]
transform = Transform3D(-0.573576, 0, -0.819152, 0, 1, 0, -0.819152, 0, 0.573576, -3.42088, -5.97139, -1.89688)

[node name="stalag7" parent="Walls/StagSet3/stalagmite set/mights" instance=ExtResource("3_q8usa")]
transform = Transform3D(-0.573576, 0, -0.819152, 0, 1, 0, -0.819152, 0, 0.573576, -4.49232, -4.73891, -0.928864)

[node name="stalag8" parent="Walls/StagSet3/stalagmite set/mights" instance=ExtResource("3_q8usa")]
transform = Transform3D(-0.573576, 0, -0.819152, 0, 1, 0, -0.819152, 0, 0.573576, -1.35446, -7.84979, -0.928864)

[node name="tites" type="Node3D" parent="Walls/StagSet3/stalagmite set"]
transform = Transform3D(0.99959, -0.0226839, -0.0174525, -0.0226873, -0.999742, -4.65661e-10, -0.017448, 0.000395949, -0.999848, 1.11373, 5.2653, -9.7223)

[node name="stalag" parent="Walls/StagSet3/stalagmite set/tites" instance=ExtResource("3_q8usa")]
transform = Transform3D(-0.5, 2.03933e-09, 0.866026, 7.82893e-09, 1, 2.16522e-09, -0.866026, 7.86266e-09, -0.5, -6.08705, -3.92083, -0.546117)

[node name="stalag2" parent="Walls/StagSet3/stalagmite set/tites" instance=ExtResource("3_q8usa")]
transform = Transform3D(-0.5, -2.94625e-09, 0.866026, 3.7835e-10, 1, 3.62047e-09, -0.866025, 2.1379e-09, -0.5, -7.14465, -6.12067, -0.546117)

[node name="stalag6" parent="Walls/StagSet3/stalagmite set/tites" instance=ExtResource("3_q8usa")]
transform = Transform3D(-0.5, 2.50679e-09, 0.866025, 4.65661e-10, 1, -2.62574e-09, -0.866026, -9.09598e-10, -0.5, -6.24315, -6.63673, 0.473689)

[node name="stalag3" parent="Walls/StagSet3/stalagmite set/tites" instance=ExtResource("3_q8usa")]
transform = Transform3D(-0.5, -1.41535e-09, 0.866026, 2.79397e-09, 1, 3.24741e-09, -0.866025, 4.04335e-09, -0.5, -2.44591, -2.76143, -0.546117)

[node name="stalag4" parent="Walls/StagSet3/stalagmite set/tites" instance=ExtResource("3_q8usa")]
transform = Transform3D(-0.5, 6.36348e-09, 0.866026, 1.06957e-08, 1, -1.17277e-09, -0.866026, 8.67633e-09, -0.5, -5.32641, -2.19464, -0.544568)

[node name="stalag5" parent="Walls/StagSet3/stalagmite set/tites" instance=ExtResource("3_q8usa")]
transform = Transform3D(-0.5, -5.82594e-10, 0.866026, 1.28057e-09, 1, 1.41206e-09, -0.866026, 1.81503e-09, -0.5, -3.37795, -2.18736, -0.546117)

[node name="stalag7" parent="Walls/StagSet3/stalagmite set/tites" instance=ExtResource("3_q8usa")]
transform = Transform3D(-0.5, -3.27927e-09, 0.866026, -3.49246e-10, 1, 3.58493e-09, -0.866026, 1.49001e-09, -0.5, -4.44939, -2.84714, 0.421897)

[node name="stalag8" parent="Walls/StagSet3/stalagmite set/tites" instance=ExtResource("3_q8usa")]
transform = Transform3D(-0.5, 3.29188e-09, 0.866026, 2.03727e-10, 1, -3.68351e-09, -0.866025, -1.66532e-09, -0.5, -1.2704, -0.291211, 0.438371)

[node name="stalagmite set2" type="Node3D" parent="Walls/StagSet3"]
transform = Transform3D(-1, 0, -1.50996e-07, 0, 1, 0, -1.50996e-07, 0, 1, -0.435965, -10.835, -0.0139008)

[node name="mights" type="Node3D" parent="Walls/StagSet3/stalagmite set2"]
transform = Transform3D(1, 0, 0, 0, 1, 0, 0, 0, 1, 0, 0, -7.46367)

[node name="stalag" parent="Walls/StagSet3/stalagmite set2/mights" instance=ExtResource("3_q8usa")]
transform = Transform3D(-0.818681, 0, 0.574248, 0, 1, 0, 0.574248, 0, 0.818681, -6.04646, -1.74552, -1.89688)

[node name="stalag2" parent="Walls/StagSet3/stalagmite set2/mights" instance=ExtResource("3_q8usa")]
transform = Transform3D(-0.205965, 0, 0.978559, 0, 1, 0, 0.978559, 0, 0.205965, -7.10406, -2.54283, -1.89688)

[node name="stalag6" parent="Walls/StagSet3/stalagmite set2/mights" instance=ExtResource("3_q8usa")]
transform = Transform3D(0.713361, 0, -0.700797, 0, 1, 0, -0.700797, 0, -0.713361, -6.20255, -3.05889, -0.877075)

[node name="stalag3" parent="Walls/StagSet3/stalagmite set2/mights" instance=ExtResource("3_q8usa")]
transform = Transform3D(-0.490006, 0, 0.871719, 0, 1, 0, 0.871719, 0, 0.490006, -2.44591, 0.920263, -1.89688)

[node name="stalag4" parent="Walls/StagSet3/stalagmite set2/mights" instance=ExtResource("3_q8usa")]
transform = Transform3D(-0.932179, 0, -0.361999, 0, 1, 0, -0.361999, 0, 0.932179, -4.74468, -1.59568, -1.89688)

[node name="stalag5" parent="Walls/StagSet3/stalagmite set2/mights" instance=ExtResource("3_q8usa")]
transform = Transform3D(-0.926758, 0, 0.375658, 0, 1, 0, 0.375658, 0, 0.926758, -3.42088, 1.49786, -1.89688)

[node name="stalag7" parent="Walls/StagSet3/stalagmite set2/mights" instance=ExtResource("3_q8usa")]
transform = Transform3D(0.226209, 0, 0.974079, 0, 1, 0, 0.974079, 0, -0.226209, -4.49232, 0.251531, -0.928864)

[node name="stalag8" parent="Walls/StagSet3/stalagmite set2/mights" instance=ExtResource("3_q8usa")]
transform = Transform3D(-0.0310619, 0, -0.999517, 0, 1, 0, -0.999517, 0, 0.0310619, -1.35446, 3.06257, -0.928865)

[node name="tites" type="Node3D" parent="Walls/StagSet3/stalagmite set2"]
transform = Transform3D(0.99959, -0.0226839, -0.0174525, -0.0226873, -0.999742, -4.65661e-10, -0.017448, 0.000395949, -0.999848, 1.11373, 5.2653, -9.7223)

[node name="stalag" parent="Walls/StagSet3/stalagmite set2/tites" instance=ExtResource("3_q8usa")]
transform = Transform3D(-0.818681, -9.34915e-09, 0.574248, -9.64792e-09, 1, 1.22236e-09, 0.574248, 2.73576e-09, 0.818681, -6.13005, -5.81564, -0.546117)

[node name="stalag2" parent="Walls/StagSet3/stalagmite set2/tites" instance=ExtResource("3_q8usa")]
transform = Transform3D(-0.205965, -3.62077e-09, 0.97856, -3.7835e-10, 1, 3.62047e-09, 0.978559, -3.75453e-10, 0.205965, -7.14465, -6.12067, -0.546117)

[node name="stalag6" parent="Walls/StagSet3/stalagmite set2/tites" instance=ExtResource("3_q8usa")]
transform = Transform3D(0.713361, -3.84534e-09, -0.700797, -1.16415e-10, 1, -1.83354e-09, -0.700797, -2.21189e-09, -0.713361, -6.28615, -8.53153, 0.47369)

[node name="stalag3" parent="Walls/StagSet3/stalagmite set2/tites" instance=ExtResource("3_q8usa")]
transform = Transform3D(-0.490007, -5.65569e-09, 0.871719, -3.20142e-09, 1, 5.64614e-09, 0.871719, 8.14907e-10, 0.490007, -2.57237, -8.33395, -0.546117)

[node name="stalag4" parent="Walls/StagSet3/stalagmite set2/tites" instance=ExtResource("3_q8usa")]
transform = Transform3D(-0.932179, -1.6897e-08, -0.361999, -1.1205e-08, 1, -3.63798e-09, -0.361999, -2.73576e-09, 0.932179, -5.43963, -7.18379, -0.544565)

[node name="stalag5" parent="Walls/StagSet3/stalagmite set2/tites" instance=ExtResource("3_q8usa")]
transform = Transform3D(-0.926758, -3.82124e-09, 0.375658, -2.43017e-09, 1, 2.18279e-09, 0.375658, -8.14907e-10, 0.926758, -3.50441, -7.75987, -0.546117)

[node name="stalag7" parent="Walls/StagSet3/stalagmite set2/tites" instance=ExtResource("3_q8usa")]
transform = Transform3D(0.226209, -9.38871e-09, 0.974079, 1.19326e-09, 1, -1.00408e-09, 0.974079, 4.65661e-10, -0.22621, -4.56262, -7.83629, 0.421897)

[node name="stalag8" parent="Walls/StagSet3/stalagmite set2/tites" instance=ExtResource("3_q8usa")]
transform = Transform3D(-0.0310619, -7.53471e-09, -0.999518, -1.74623e-10, 1, -6.96127e-09, -0.999517, -8.73115e-11, 0.0310619, -1.51797, -11.2008, 0.438373)

[node name="StagSet4" type="Node3D" parent="Walls"]
transform = Transform3D(0.707107, -0.707107, 0, 0.707107, 0.707107, 0, 0, 0, 1, 39.4936, 8.54758, 0)

[node name="stalagmite set" type="Node3D" parent="Walls/StagSet4"]

[node name="mights" type="Node3D" parent="Walls/StagSet4/stalagmite set"]
transform = Transform3D(1, 0, 0, 0, 1, 0, 0, 0, 1, 0, 0, -7.46367)

[node name="stalag" parent="Walls/StagSet4/stalagmite set/mights" instance=ExtResource("3_q8usa")]
transform = Transform3D(-0.573576, 0, -0.819152, 0, 1, 0, -0.819152, 0, 0.573576, -6.04646, -1.74552, -1.89688)

[node name="stalag2" parent="Walls/StagSet4/stalagmite set/mights" instance=ExtResource("3_q8usa")]
transform = Transform3D(-0.573576, 0, -0.819152, 0, 1, 0, -0.819152, 0, 0.573576, -7.10406, -2.54283, -1.89688)

[node name="stalag6" parent="Walls/StagSet4/stalagmite set/mights" instance=ExtResource("3_q8usa")]
transform = Transform3D(-0.573576, 0, -0.819152, 0, 1, 0, -0.819152, 0, 0.573576, -6.20255, -3.05889, -0.877075)

[node name="stalag3" parent="Walls/StagSet4/stalagmite set/mights" instance=ExtResource("3_q8usa")]
transform = Transform3D(-0.573576, 0, -0.819152, 0, 1, 0, -0.819152, 0, 0.573576, -2.44591, -4.65369, -1.89688)

[node name="stalag4" parent="Walls/StagSet4/stalagmite set/mights" instance=ExtResource("3_q8usa")]
transform = Transform3D(-0.573576, 0, -0.819152, 0, 1, 0, -0.819152, 0, 0.573576, -4.74468, -3.49097, -1.89688)

[node name="stalag5" parent="Walls/StagSet4/stalagmite set/mights" instance=ExtResource("3_q8usa")]
transform = Transform3D(-0.573576, 0, -0.819152, 0, 1, 0, -0.819152, 0, 0.573576, -3.42088, -5.97139, -1.89688)

[node name="stalag7" parent="Walls/StagSet4/stalagmite set/mights" instance=ExtResource("3_q8usa")]
transform = Transform3D(-0.573576, 0, -0.819152, 0, 1, 0, -0.819152, 0, 0.573576, -4.49232, -4.73891, -0.928864)

[node name="stalag8" parent="Walls/StagSet4/stalagmite set/mights" instance=ExtResource("3_q8usa")]
transform = Transform3D(-0.573576, 0, -0.819152, 0, 1, 0, -0.819152, 0, 0.573576, -1.35446, -7.84979, -0.928864)

[node name="tites" type="Node3D" parent="Walls/StagSet4/stalagmite set"]
transform = Transform3D(0.99959, -0.0226839, -0.0174525, -0.0226873, -0.999742, -4.65661e-10, -0.017448, 0.000395949, -0.999848, 1.11373, 5.2653, -9.7223)

[node name="stalag" parent="Walls/StagSet4/stalagmite set/tites" instance=ExtResource("3_q8usa")]
transform = Transform3D(-0.5, 2.03933e-09, 0.866026, 7.82893e-09, 1, 2.16522e-09, -0.866026, 7.86266e-09, -0.5, -6.08705, -3.92083, -0.546117)

[node name="stalag2" parent="Walls/StagSet4/stalagmite set/tites" instance=ExtResource("3_q8usa")]
transform = Transform3D(-0.5, -2.94625e-09, 0.866026, 3.7835e-10, 1, 3.62047e-09, -0.866025, 2.1379e-09, -0.5, -7.14465, -6.12067, -0.546117)

[node name="stalag6" parent="Walls/StagSet4/stalagmite set/tites" instance=ExtResource("3_q8usa")]
transform = Transform3D(-0.5, 2.50679e-09, 0.866025, 4.65661e-10, 1, -2.62574e-09, -0.866026, -9.09598e-10, -0.5, -6.24315, -6.63673, 0.473689)

[node name="stalag3" parent="Walls/StagSet4/stalagmite set/tites" instance=ExtResource("3_q8usa")]
transform = Transform3D(-0.5, -1.41535e-09, 0.866026, 2.79397e-09, 1, 3.24741e-09, -0.866025, 4.04335e-09, -0.5, -2.44591, -2.76143, -0.546117)

[node name="stalag4" parent="Walls/StagSet4/stalagmite set/tites" instance=ExtResource("3_q8usa")]
transform = Transform3D(-0.5, 6.36348e-09, 0.866026, 1.06957e-08, 1, -1.17277e-09, -0.866026, 8.67633e-09, -0.5, -5.32641, -2.19464, -0.544568)

[node name="stalag5" parent="Walls/StagSet4/stalagmite set/tites" instance=ExtResource("3_q8usa")]
transform = Transform3D(-0.5, -5.82594e-10, 0.866026, 1.28057e-09, 1, 1.41206e-09, -0.866026, 1.81503e-09, -0.5, -3.37795, -2.18736, -0.546117)

[node name="stalag7" parent="Walls/StagSet4/stalagmite set/tites" instance=ExtResource("3_q8usa")]
transform = Transform3D(-0.5, -3.27927e-09, 0.866026, -3.49246e-10, 1, 3.58493e-09, -0.866026, 1.49001e-09, -0.5, -4.44939, -2.84714, 0.421897)

[node name="stalag8" parent="Walls/StagSet4/stalagmite set/tites" instance=ExtResource("3_q8usa")]
transform = Transform3D(-0.5, 3.29188e-09, 0.866026, 2.03727e-10, 1, -3.68351e-09, -0.866025, -1.66532e-09, -0.5, -1.2704, -0.291211, 0.438371)

[node name="stalagmite set2" type="Node3D" parent="Walls/StagSet4"]
transform = Transform3D(-1, 0, -1.50996e-07, 0, 1, 0, -1.50996e-07, 0, 1, -0.435965, -10.835, -0.0139008)

[node name="mights" type="Node3D" parent="Walls/StagSet4/stalagmite set2"]
transform = Transform3D(1, 0, 0, 0, 1, 0, 0, 0, 1, 0, 0, -7.46367)

[node name="stalag" parent="Walls/StagSet4/stalagmite set2/mights" instance=ExtResource("3_q8usa")]
transform = Transform3D(-0.818681, 0, 0.574248, 0, 1, 0, 0.574248, 0, 0.818681, -6.04646, -1.74552, -1.89688)

[node name="stalag2" parent="Walls/StagSet4/stalagmite set2/mights" instance=ExtResource("3_q8usa")]
transform = Transform3D(-0.205965, 0, 0.978559, 0, 1, 0, 0.978559, 0, 0.205965, -7.10406, -2.54283, -1.89688)

[node name="stalag6" parent="Walls/StagSet4/stalagmite set2/mights" instance=ExtResource("3_q8usa")]
transform = Transform3D(0.713361, 0, -0.700797, 0, 1, 0, -0.700797, 0, -0.713361, -6.20255, -3.05889, -0.877075)

[node name="stalag3" parent="Walls/StagSet4/stalagmite set2/mights" instance=ExtResource("3_q8usa")]
transform = Transform3D(-0.490006, 0, 0.871719, 0, 1, 0, 0.871719, 0, 0.490006, -2.44591, 0.920263, -1.89688)

[node name="stalag4" parent="Walls/StagSet4/stalagmite set2/mights" instance=ExtResource("3_q8usa")]
transform = Transform3D(-0.932179, 0, -0.361999, 0, 1, 0, -0.361999, 0, 0.932179, -4.74468, -1.59568, -1.89688)

[node name="stalag5" parent="Walls/StagSet4/stalagmite set2/mights" instance=ExtResource("3_q8usa")]
transform = Transform3D(-0.926758, 0, 0.375658, 0, 1, 0, 0.375658, 0, 0.926758, -3.42088, 1.49786, -1.89688)

[node name="stalag7" parent="Walls/StagSet4/stalagmite set2/mights" instance=ExtResource("3_q8usa")]
transform = Transform3D(0.226209, 0, 0.974079, 0, 1, 0, 0.974079, 0, -0.226209, -4.49232, 0.251531, -0.928864)

[node name="stalag8" parent="Walls/StagSet4/stalagmite set2/mights" instance=ExtResource("3_q8usa")]
transform = Transform3D(-0.0310619, 0, -0.999517, 0, 1, 0, -0.999517, 0, 0.0310619, -1.35446, 3.06257, -0.928865)

[node name="tites" type="Node3D" parent="Walls/StagSet4/stalagmite set2"]
transform = Transform3D(0.99959, -0.0226839, -0.0174525, -0.0226873, -0.999742, -4.65661e-10, -0.017448, 0.000395949, -0.999848, 1.11373, 5.2653, -9.7223)

[node name="stalag" parent="Walls/StagSet4/stalagmite set2/tites" instance=ExtResource("3_q8usa")]
transform = Transform3D(-0.818681, -9.34915e-09, 0.574248, -9.64792e-09, 1, 1.22236e-09, 0.574248, 2.73576e-09, 0.818681, -6.13005, -5.81564, -0.546117)

[node name="stalag2" parent="Walls/StagSet4/stalagmite set2/tites" instance=ExtResource("3_q8usa")]
transform = Transform3D(-0.205965, -3.62077e-09, 0.97856, -3.7835e-10, 1, 3.62047e-09, 0.978559, -3.75453e-10, 0.205965, -7.14465, -6.12067, -0.546117)

[node name="stalag6" parent="Walls/StagSet4/stalagmite set2/tites" instance=ExtResource("3_q8usa")]
transform = Transform3D(0.713361, -3.84534e-09, -0.700797, -1.16415e-10, 1, -1.83354e-09, -0.700797, -2.21189e-09, -0.713361, -6.28615, -8.53153, 0.47369)

[node name="stalag3" parent="Walls/StagSet4/stalagmite set2/tites" instance=ExtResource("3_q8usa")]
transform = Transform3D(-0.490007, -5.65569e-09, 0.871719, -3.20142e-09, 1, 5.64614e-09, 0.871719, 8.14907e-10, 0.490007, -2.57237, -8.33395, -0.546117)

[node name="stalag4" parent="Walls/StagSet4/stalagmite set2/tites" instance=ExtResource("3_q8usa")]
transform = Transform3D(-0.932179, -1.6897e-08, -0.361999, -1.1205e-08, 1, -3.63798e-09, -0.361999, -2.73576e-09, 0.932179, -5.43963, -7.18379, -0.544565)

[node name="stalag5" parent="Walls/StagSet4/stalagmite set2/tites" instance=ExtResource("3_q8usa")]
transform = Transform3D(-0.926758, -3.82124e-09, 0.375658, -2.43017e-09, 1, 2.18279e-09, 0.375658, -8.14907e-10, 0.926758, -3.50441, -7.75987, -0.546117)

[node name="stalag7" parent="Walls/StagSet4/stalagmite set2/tites" instance=ExtResource("3_q8usa")]
transform = Transform3D(0.226209, -9.38871e-09, 0.974079, 1.19326e-09, 1, -1.00408e-09, 0.974079, 4.65661e-10, -0.22621, -4.56262, -7.83629, 0.421897)

[node name="stalag8" parent="Walls/StagSet4/stalagmite set2/tites" instance=ExtResource("3_q8usa")]
transform = Transform3D(-0.0310619, -7.53471e-09, -0.999518, -1.74623e-10, 1, -6.96127e-09, -0.999517, -8.73115e-11, 0.0310619, -1.51797, -11.2008, 0.438373)

[node name="StagSet5" type="Node3D" parent="Walls"]
transform = Transform3D(0.707107, -0.707107, 0, 0.707107, 0.707107, 0, 0, 0, 1, 58.7726, 8.54758, 0)

[node name="stalagmite set" type="Node3D" parent="Walls/StagSet5"]

[node name="mights" type="Node3D" parent="Walls/StagSet5/stalagmite set"]
transform = Transform3D(1, 0, 0, 0, 1, 0, 0, 0, 1, 0, 0, -7.46367)

[node name="stalag" parent="Walls/StagSet5/stalagmite set/mights" instance=ExtResource("3_q8usa")]
transform = Transform3D(-0.573576, 0, -0.819152, 0, 1, 0, -0.819152, 0, 0.573576, -6.04646, -1.74552, -1.89688)

[node name="stalag2" parent="Walls/StagSet5/stalagmite set/mights" instance=ExtResource("3_q8usa")]
transform = Transform3D(-0.573576, 0, -0.819152, 0, 1, 0, -0.819152, 0, 0.573576, -7.10406, -2.54283, -1.89688)

[node name="stalag6" parent="Walls/StagSet5/stalagmite set/mights" instance=ExtResource("3_q8usa")]
transform = Transform3D(-0.573576, 0, -0.819152, 0, 1, 0, -0.819152, 0, 0.573576, -6.20255, -3.05889, -0.877075)

[node name="stalag3" parent="Walls/StagSet5/stalagmite set/mights" instance=ExtResource("3_q8usa")]
transform = Transform3D(-0.573576, 0, -0.819152, 0, 1, 0, -0.819152, 0, 0.573576, -2.44591, -4.65369, -1.89688)

[node name="stalag4" parent="Walls/StagSet5/stalagmite set/mights" instance=ExtResource("3_q8usa")]
transform = Transform3D(-0.573576, 0, -0.819152, 0, 1, 0, -0.819152, 0, 0.573576, -4.74468, -3.49097, -1.89688)

[node name="stalag5" parent="Walls/StagSet5/stalagmite set/mights" instance=ExtResource("3_q8usa")]
transform = Transform3D(-0.573576, 0, -0.819152, 0, 1, 0, -0.819152, 0, 0.573576, -3.42088, -5.97139, -1.89688)

[node name="stalag7" parent="Walls/StagSet5/stalagmite set/mights" instance=ExtResource("3_q8usa")]
transform = Transform3D(-0.573576, 0, -0.819152, 0, 1, 0, -0.819152, 0, 0.573576, -4.49232, -4.73891, -0.928864)

[node name="stalag8" parent="Walls/StagSet5/stalagmite set/mights" instance=ExtResource("3_q8usa")]
transform = Transform3D(-0.573576, 0, -0.819152, 0, 1, 0, -0.819152, 0, 0.573576, -1.35446, -7.84979, -0.928864)

[node name="tites" type="Node3D" parent="Walls/StagSet5/stalagmite set"]
transform = Transform3D(0.99959, -0.0226839, -0.0174525, -0.0226873, -0.999742, -4.65661e-10, -0.017448, 0.000395949, -0.999848, 1.11373, 5.2653, -9.7223)

[node name="stalag" parent="Walls/StagSet5/stalagmite set/tites" instance=ExtResource("3_q8usa")]
transform = Transform3D(-0.5, 2.03933e-09, 0.866026, 7.82893e-09, 1, 2.16522e-09, -0.866026, 7.86266e-09, -0.5, -6.08705, -3.92083, -0.546117)

[node name="stalag2" parent="Walls/StagSet5/stalagmite set/tites" instance=ExtResource("3_q8usa")]
transform = Transform3D(-0.5, -2.94625e-09, 0.866026, 3.7835e-10, 1, 3.62047e-09, -0.866025, 2.1379e-09, -0.5, -7.14465, -6.12067, -0.546117)

[node name="stalag6" parent="Walls/StagSet5/stalagmite set/tites" instance=ExtResource("3_q8usa")]
transform = Transform3D(-0.5, 2.50679e-09, 0.866025, 4.65661e-10, 1, -2.62574e-09, -0.866026, -9.09598e-10, -0.5, -6.24315, -6.63673, 0.473689)

