[gd_scene load_steps=9 format=3 uid="uid://cxddpve567luf"]

[ext_resource type="PackedScene" uid="uid://foaj3o556i88" path="res://raw_assets/TrainBase.blend" id="1_52fb6"]
[ext_resource type="PackedScene" uid="uid://3fqo0iphm067" path="res://raw_assets/Lady.blend" id="2_6l7je"]
[ext_resource type="PackedScene" uid="uid://c27iw0ytkgcnm" path="res://Card Game/Scenes/Board.tscn" id="3_jv6wh"]
[ext_resource type="PackedScene" uid="uid://cuah32gd4hyyy" path="res://Scenes/player_camera.tscn" id="4_x6ack"]
[ext_resource type="PackedScene" uid="uid://ixt67rkymll6" path="res://Scenes/test_scene.tscn" id="5_iacmt"]

[sub_resource type="ProceduralSkyMaterial" id="ProceduralSkyMaterial_52fb6"]
sky_top_color = Color(0.542308, 0.368438, 0.613554, 1)
sky_horizon_color = Color(0.461027, 0.439003, 0.460586, 1)
sky_curve = 0.235375
ground_bottom_color = Color(0, 0, 0, 1)
ground_horizon_color = Color(0.405874, 0.297608, 0.29799, 1)

[sub_resource type="Sky" id="Sky_6l7je"]
sky_material = SubResource("ProceduralSkyMaterial_52fb6")

[sub_resource type="Environment" id="Environment_6l7je"]
background_mode = 2
sky = SubResource("Sky_6l7je")
ambient_light_source = 3
ambient_light_color = Color(0.741385, 0.741385, 0.741385, 1)
ambient_light_energy = 0.68

[node name="MainScene" type="Node3D"]

[node name="WorldEnvironment" type="WorldEnvironment" parent="."]
environment = SubResource("Environment_6l7je")

[node name="Enviornment" type="Node3D" parent="."]

[node name="TrainBase" parent="Enviornment" instance=ExtResource("1_52fb6")]

[node name="OmniLight3D" type="OmniLight3D" parent="Enviornment"]
transform = Transform3D(1, 0, 0, 0, 1, 0, 0, 0, 1, 0, 8.37103, -3.44959)

[node name="SpotLight3D" type="SpotLight3D" parent="Enviornment"]
transform = Transform3D(1, 0, 0, 0, -4.37114e-08, 1, 0, -1, -4.37114e-08, 0, 9.8501, -3.40513)
light_energy = 9.727
spot_range = 12.2471
spot_angle = 31.2114

[node name="CSGBox3D" type="CSGBox3D" parent="Enviornment"]
transform = Transform3D(1, 0, 0, 0, 1, 0, 0, 0, 1, 0, -5, 0.501411)
size = Vector3(53, 5, 21)

[node name="CSGBox3D2" type="CSGBox3D" parent="Enviornment"]
transform = Transform3D(0.817887, 0.575368, 0.00338627, -0.57489, 0.816938, 0.0459615, 0.0236784, -0.0395381, 0.998937, 280.624, -184.935, 7.3366)
size = Vector3(630.338, 5, 21)

[node name="Lady" parent="Enviornment" instance=ExtResource("2_6l7je")]
transform = Transform3D(0.0374809, 0, -0.999297, 0, 1, 0, 0.999297, 0, 0.0374809, 0.944115, 1.1214, -2.62871)

[node name="Board" parent="." instance=ExtResource("3_jv6wh")]
transform = Transform3D(-0.000265723, 0, -0.034999, 0, -0.035, 0, 0.034999, 0, -0.000265723, 0.0308007, 1.00034, -2.64992)

[node name="PlayerCamera" parent="." instance=ExtResource("4_x6ack")]
transform = Transform3D(-4.37114e-08, 0.766044, -0.642788, 0, 0.642788, 0.766044, 1, 3.34849e-08, -2.80971e-08, -0.525124, 1.37092, -2.6695)

[node name="TestScene" parent="PlayerCamera" instance=ExtResource("5_iacmt")]
transform = Transform3D(0.906768, 0.100359, 0.409512, -0.106854, 0.99425, -0.00705795, -0.407866, -0.0373581, 0.912277, -0.191555, 0.00947949, -0.344307)
