[gd_scene load_steps=8 format=3 uid="uid://cxddpve567luf"]

[ext_resource type="PackedScene" uid="uid://foaj3o556i88" path="res://raw_assets/TrainBase.blend" id="1_52fb6"]
[ext_resource type="PackedScene" uid="uid://3fqo0iphm067" path="res://raw_assets/Lady.blend" id="2_6l7je"]
[ext_resource type="PackedScene" uid="uid://c27iw0ytkgcnm" path="res://Card Game/Scenes/Board.tscn" id="3_jv6wh"]
[ext_resource type="PackedScene" uid="uid://i4dp08flh60h" path="res://Scenes/PlayerObjects/Hand.tscn" id="4_x6ack"]

[sub_resource type="ProceduralSkyMaterial" id="ProceduralSkyMaterial_52fb6"]
sky_top_color = Color(0.542308, 0.368438, 0.613554, 1)
sky_horizon_color = Color(0.461027, 0.439003, 0.460586, 1)
sky_curve = 0.235375
ground_bottom_color = Color(0, 0, 0, 1)
ground_horizon_color = Color(0.405874, 0.297608, 0.29799, 1)

[sub_resource type="Sky" id="Sky_6l7je"]
sky_material = SubResource("ProceduralSkyMaterial_52fb6")

[sub_resource type="Environment" id="Environment_6l7je"]
background_mode = 2
sky = SubResource("Sky_6l7je")
ambient_light_source = 3
ambient_light_color = Color(0.741385, 0.741385, 0.741385, 1)
ambient_light_energy = 0.68

[node name="MainScene" type="Node3D"]

[node name="Camera3D" type="Camera3D" parent="."]
transform = Transform3D(-2.94341e-08, 0.739302, -0.673374, 3.23159e-08, 0.673374, 0.739302, 1, 1.59253e-15, -4.37114e-08, -0.498698, 1.29934, -2.64075)
current = true
fov = 75.9375

[node name="WorldEnvironment" type="WorldEnvironment" parent="."]
environment = SubResource("Environment_6l7je")

[node name="Enviornment" type="Node3D" parent="."]

[node name="TrainBase" parent="Enviornment" instance=ExtResource("1_52fb6")]

[node name="OmniLight3D" type="OmniLight3D" parent="Enviornment"]
transform = Transform3D(1, 0, 0, 0, 1, 0, 0, 0, 1, 0, 8.37103, -3.44959)

[node name="SpotLight3D" type="SpotLight3D" parent="Enviornment"]
transform = Transform3D(1, 0, 0, 0, -4.37114e-08, 1, 0, -1, -4.37114e-08, 0, 9.8501, -3.40513)
light_energy = 9.727
spot_range = 12.2471
spot_angle = 31.2114

[node name="CSGBox3D" type="CSGBox3D" parent="Enviornment"]
transform = Transform3D(1, 0, 0, 0, 1, 0, 0, 0, 1, 0, -5, 0.501411)
size = Vector3(53, 5, 21)

[node name="CSGBox3D2" type="CSGBox3D" parent="Enviornment"]
transform = Transform3D(0.817887, 0.575368, 0.00338627, -0.57489, 0.816938, 0.0459615, 0.0236784, -0.0395381, 0.998937, 280.624, -184.935, 7.3366)
size = Vector3(630.338, 5, 21)

[node name="Lady" parent="Enviornment" instance=ExtResource("2_6l7je")]
transform = Transform3D(0.0374809, 0, -0.999297, 0, 1, 0, 0.999297, 0, 0.0374809, 0.944115, 1.1214, -2.62871)

[node name="Board" parent="." instance=ExtResource("3_jv6wh")]
transform = Transform3D(-0.000265723, 0, -0.034999, 0, -0.035, 0, 0.034999, 0, -0.000265723, 0.0308007, 1.00034, -2.64992)

[node name="Hand" parent="." instance=ExtResource("4_x6ack")]
transform = Transform3D(0.36826, 0.923027, -0.111385, -0.278548, 0.223838, 0.933974, 0.887015, -0.312919, 0.339538, -0.42301, 1.00919, -2.90106)
